6 0.395313 0.410417 0.009375 0.037500
6 0.388672 0.407639 0.007031 0.029167
6 0.524609 0.436806 0.010156 0.031944
6 0.401562 0.409028 0.007812 0.034722
1 0.430469 0.540972 0.015625 0.034722
1 0.415625 0.551389 0.018750 0.027778
1 0.391797 0.563194 0.027344 0.029167
1 0.441797 0.530556 0.011719 0.019444
1 0.451953 0.531944 0.010156 0.016667
1 0.323828 0.575000 0.044531 0.083333
1 0.264062 0.584722 0.095312 0.108333
1 0.192188 0.610417 0.096875 0.120833
7 0.523047 0.522222 0.007031 0.016667
1 0.498047 0.501389 0.005469 0.019444
6 0.453125 0.495139 0.007812 0.018056
1 0.483203 0.531250 0.013281 0.012500
1 0.517578 0.543056 0.008594 0.019444
1 0.539844 0.545139 0.018750 0.029167
1 0.556641 0.553472 0.028906 0.034722
1 0.502734 0.556944 0.025781 0.044444
1 0.361328 0.575000 0.021094 0.030556
1 0.468359 0.576389 0.067969 0.091667
1 0.896484 0.620139 0.107031 0.193056
0 0.569531 0.568056 0.017188 0.072222
6 0.342578 0.517361 0.011719 0.018056
7 0.358203 0.506944 0.010156 0.013889
1 0.080469 0.645139 0.159375 0.173611
1 0.786328 0.675000 0.322656 0.319444
