7 0.737500 0.206944 0.023438 0.025000
7 0.713281 0.179167 0.012500 0.016667
7 0.675000 0.213889 0.015625 0.022222
7 0.675391 0.256250 0.021094 0.029167
7 0.568750 0.316667 0.010937 0.022222
7 0.290234 0.243750 0.008594 0.023611
7 0.314063 0.306250 0.015625 0.012500
7 0.437500 0.270833 0.029687 0.027778
6 0.283594 0.302778 0.015625 0.030556
6 0.586328 0.307639 0.008594 0.018056
6 0.336719 0.313889 0.014063 0.019444
6 0.711328 0.268056 0.019531 0.038889
7 0.579297 0.273611 0.008594 0.016667
6 0.497266 0.236111 0.008594 0.033333
6 0.396094 0.213194 0.007812 0.037500
6 0.405078 0.210417 0.013281 0.037500
6 0.487109 0.233333 0.007031 0.022222
1 0.688672 0.354167 0.069531 0.050000
1 0.229687 0.378472 0.051562 0.054167
1 0.267188 0.370139 0.053125 0.051389
1 0.551172 0.361111 0.013281 0.016667
1 0.531250 0.357639 0.034375 0.018056
1 0.508984 0.361111 0.011719 0.013889
1 0.491016 0.359722 0.022656 0.030556
6 0.514453 0.309028 0.010156 0.018056
