6 0.337109 0.290972 0.019531 0.070833
6 0.319141 0.289583 0.011719 0.079167
6 0.455859 0.347222 0.013281 0.050000
7 0.561719 0.365972 0.018750 0.040278
7 0.567969 0.432639 0.023438 0.023611
7 0.692187 0.222917 0.037500 0.093056
7 0.698828 0.311806 0.019531 0.034722
7 0.714844 0.332639 0.050000 0.034722
7 0.723047 0.358333 0.052344 0.027778
6 0.714844 0.406944 0.023438 0.050000
6 0.736328 0.406250 0.019531 0.048611
6 0.442188 0.484722 0.009375 0.025000
1 0.857422 0.565278 0.089844 0.102778
1 0.792578 0.552083 0.094531 0.106944
1 0.463281 0.538194 0.015625 0.023611
1 0.485547 0.546528 0.033594 0.040278
1 0.517969 0.565972 0.048438 0.062500
1 0.442969 0.538194 0.014063 0.023611
5 0.373437 0.535417 0.071875 0.123611
1 0.302734 0.570833 0.060156 0.077778
6 0.441406 0.347222 0.012500 0.055556
0 0.631641 0.531250 0.014844 0.084722
