1 0.433984 0.381250 0.008594 0.015278
1 0.425000 0.381944 0.010937 0.025000
1 0.416406 0.386806 0.012500 0.026389
1 0.366797 0.396528 0.027344 0.048611
1 0.356250 0.401389 0.031250 0.044444
1 0.337109 0.407639 0.032031 0.054167
1 0.458594 0.383333 0.007812 0.016667
1 0.464844 0.385417 0.009375 0.020833
1 0.487109 0.397222 0.013281 0.047222
1 0.502734 0.400000 0.035156 0.055556
1 0.564453 0.431944 0.039844 0.113889
1 0.746094 0.356944 0.035937 0.030556
1 0.777344 0.398611 0.095312 0.111111
1 0.264062 0.454167 0.156250 0.175000
1 0.405078 0.390972 0.017969 0.026389
1 0.450781 0.382639 0.007812 0.020833
1 0.442969 0.381250 0.007812 0.015278
1 0.513672 0.406944 0.046094 0.063889
1 0.650391 0.440972 0.175781 0.245833
7 0.365234 0.338194 0.007031 0.015278
7 0.516016 0.315972 0.010156 0.015278
7 0.521094 0.344444 0.009375 0.011111
7 0.491016 0.357639 0.008594 0.015278
7 0.477734 0.365278 0.007031 0.016667
1 0.471094 0.388889 0.009375 0.022222
6 0.456641 0.361806 0.005469 0.018056
