7 0.221094 0.336806 0.042188 0.073611
7 0.173828 0.395139 0.019531 0.031944
7 0.398047 0.432639 0.014844 0.048611
7 0.469922 0.390278 0.008594 0.016667
7 0.658594 0.366667 0.032813 0.019444
7 0.655859 0.401389 0.030469 0.047222
7 0.902734 0.243750 0.027344 0.034722
0 0.840625 0.459028 0.026562 0.054167
1 0.341797 0.511111 0.042969 0.055556
0 0.208594 0.465278 0.012500 0.030556
0 0.185547 0.457639 0.013281 0.043056
0 0.165234 0.451389 0.014844 0.036111
7 0.141406 0.384722 0.042188 0.025000
1 0.279297 0.543750 0.128906 0.173611
1 0.048828 0.822917 0.096094 0.279167
1 0.138281 0.644444 0.276562 0.333333
1 0.624609 0.515278 0.097656 0.127778
1 0.729688 0.538194 0.182812 0.204167
1 0.873437 0.618750 0.250000 0.312500
