7 0.445703 0.439583 0.021094 0.012500
7 0.439844 0.454861 0.029687 0.026389
7 0.493750 0.440972 0.017188 0.012500
7 0.484375 0.456250 0.037500 0.026389
7 0.514453 0.484028 0.007031 0.018056
1 0.520703 0.513889 0.019531 0.033333
1 0.583203 0.498611 0.027344 0.030556
1 0.623047 0.496528 0.050781 0.045833
1 0.553125 0.516667 0.043750 0.066667
1 0.462109 0.479861 0.039844 0.018056
1 0.937891 0.540278 0.122656 0.155556
1 0.460156 0.598611 0.160938 0.222222
1 0.608984 0.545833 0.100781 0.105556
1 0.762891 0.523611 0.086719 0.088889
