1 0.167969 0.457639 0.017188 0.051389
1 0.101562 0.456944 0.078125 0.086111
1 0.041797 0.468750 0.083594 0.090278
5 0.213281 0.413194 0.092188 0.159722
5 0.469141 0.419444 0.021094 0.030556
1 0.472656 0.447917 0.026562 0.034722
1 0.503516 0.454167 0.038281 0.058333
1 0.521094 0.463889 0.051562 0.063889
1 0.875781 0.532639 0.176563 0.259722
1 0.699609 0.556944 0.353906 0.394444
1 0.942969 0.582639 0.112500 0.312500
1 0.349609 0.488194 0.230469 0.365278
0 0.860547 0.394444 0.014844 0.030556
0 0.883984 0.395139 0.014844 0.031944
1 0.908984 0.405556 0.035156 0.072222
0 0.987891 0.429861 0.021094 0.081944
7 0.568359 0.355556 0.022656 0.013889
7 0.570703 0.381250 0.013281 0.018056
7 0.799219 0.293750 0.029687 0.034722
6 0.060547 0.031944 0.021094 0.055556
6 0.431250 0.263194 0.006250 0.034722
6 0.570703 0.286111 0.013281 0.050000
6 0.729297 0.209028 0.016406 0.087500
6 0.742969 0.333333 0.028125 0.044444
6 0.171875 0.384722 0.017188 0.027778
6 0.504687 0.406250 0.015625 0.023611
