6 0.462109 0.550694 0.008594 0.018056
6 0.530078 0.555556 0.011719 0.016667
1 0.481641 0.589583 0.014844 0.012500
1 0.443359 0.602083 0.016406 0.020833
1 0.474609 0.599306 0.011719 0.012500
1 0.512500 0.602778 0.015625 0.013889
1 0.525000 0.597222 0.017188 0.016667
1 0.515234 0.615972 0.013281 0.018056
1 0.536719 0.602083 0.025000 0.051389
1 0.600000 0.616667 0.032813 0.050000
1 0.457813 0.593750 0.023438 0.040278
1 0.479687 0.605556 0.014063 0.016667
1 0.501563 0.590278 0.007812 0.016667
1 0.560937 0.607639 0.046875 0.065278
1 0.330078 0.617361 0.083594 0.101389
1 0.282031 0.594444 0.028125 0.061111
1 0.214844 0.592361 0.025000 0.056944
7 0.444531 0.562500 0.009375 0.016667
0 0.426563 0.591667 0.009375 0.069444
0 0.413672 0.597222 0.016406 0.069444
