6 0.346094 0.468750 0.012500 0.026389
6 0.529297 0.490972 0.010156 0.026389
6 0.494922 0.531250 0.008594 0.020833
6 0.443750 0.536806 0.010937 0.018056
0 0.705859 0.606250 0.010156 0.059722
6 0.296094 0.530556 0.012500 0.033333
7 0.294141 0.481250 0.014844 0.015278
7 0.622266 0.474306 0.014844 0.026389
1 0.382422 0.589583 0.027344 0.043056
1 0.297266 0.595139 0.036719 0.059722
1 0.176563 0.600000 0.040625 0.047222
1 0.126562 0.596528 0.057813 0.056944
1 0.500000 0.575694 0.018750 0.023611
1 0.486719 0.585417 0.018750 0.029167
1 0.463672 0.584028 0.017969 0.023611
1 0.473047 0.575000 0.011719 0.016667
1 0.440625 0.584722 0.009375 0.022222
1 0.428125 0.581944 0.018750 0.027778
1 0.339844 0.609028 0.073438 0.084722
1 0.257422 0.602778 0.078906 0.097222
1 0.609375 0.604861 0.060937 0.093056
1 0.536328 0.607639 0.060156 0.084722
1 0.859766 0.650694 0.166406 0.140278
7 0.710156 0.465278 0.015625 0.013889
0 0.770312 0.587500 0.012500 0.036111
