1 0.449609 0.363889 0.014844 0.016667
1 0.462500 0.383333 0.031250 0.050000
1 0.401953 0.394444 0.060156 0.077778
1 0.311328 0.382639 0.030469 0.048611
1 0.232813 0.392361 0.059375 0.037500
1 0.094922 0.384722 0.119531 0.097222
1 0.644141 0.372222 0.024219 0.025000
1 0.671484 0.377778 0.036719 0.066667
1 0.695312 0.395139 0.070312 0.087500
1 0.547656 0.467361 0.159375 0.245833
7 0.418359 0.198611 0.100781 0.094444
7 0.565234 0.211111 0.083594 0.047222
7 0.514062 0.335417 0.017188 0.040278
7 0.601953 0.279167 0.010156 0.030556
7 0.567578 0.247222 0.022656 0.022222
7 0.619922 0.286806 0.025781 0.048611
7 0.620703 0.329861 0.013281 0.037500
7 0.620313 0.357639 0.015625 0.018056
7 0.685547 0.309028 0.008594 0.037500
6 0.464062 0.334722 0.009375 0.016667
7 0.025391 0.324306 0.019531 0.037500
7 0.760938 0.166667 0.093750 0.200000
