1 0.238281 0.491667 0.062500 0.061111
1 0.290625 0.486111 0.068750 0.063889
1 0.457813 0.467361 0.010937 0.012500
1 0.489063 0.463889 0.007812 0.019444
1 0.576953 0.475000 0.028906 0.047222
1 0.596094 0.482639 0.020313 0.051389
1 0.631641 0.492361 0.060156 0.068056
1 0.165625 0.504167 0.096875 0.088889
1 0.401953 0.459028 0.035156 0.059722
1 0.438672 0.465278 0.024219 0.027778
1 0.473047 0.463889 0.019531 0.036111
1 0.508203 0.465972 0.027344 0.040278
1 0.693750 0.505556 0.098437 0.102778
1 0.018750 0.545833 0.037500 0.130556
1 0.914453 0.571528 0.167969 0.176389
7 0.670312 0.253472 0.025000 0.070833
6 0.376953 0.378472 0.010156 0.029167
6 0.428516 0.428472 0.007031 0.015278
6 0.490625 0.388889 0.012500 0.025000
6 0.454688 0.447917 0.007812 0.020833
5 0.348047 0.442361 0.069531 0.123611
