7 0.654297 0.293056 0.049219 0.080556
7 0.327734 0.422917 0.021094 0.034722
7 0.327344 0.450000 0.012500 0.013889
7 0.533594 0.428472 0.021875 0.031944
7 0.535547 0.454167 0.010156 0.011111
7 0.511328 0.433333 0.010156 0.038889
7 0.485156 0.434028 0.025000 0.043056
7 0.441797 0.435417 0.033594 0.045833
1 0.482812 0.502778 0.009375 0.011111
1 0.475781 0.509028 0.006250 0.015278
5 0.435547 0.493056 0.019531 0.050000
5 0.391797 0.474306 0.072656 0.154167
1 0.464844 0.509028 0.015625 0.023611
1 0.326562 0.513194 0.034375 0.037500
1 0.177344 0.535417 0.076563 0.076389
1 0.083203 0.579861 0.166406 0.190278
6 0.528516 0.389583 0.010156 0.020833
