7 0.683203 0.382639 0.011719 0.020833
7 0.418750 0.424306 0.010937 0.023611
7 0.393750 0.381250 0.046875 0.040278
7 0.163672 0.372917 0.060156 0.051389
7 0.096094 0.377778 0.068750 0.052778
7 0.333984 0.420833 0.008594 0.016667
1 0.964453 0.438194 0.069531 0.176389
1 0.025781 0.588889 0.051562 0.158333
1 0.124219 0.493750 0.043750 0.051389
1 0.072266 0.500000 0.053906 0.047222
1 0.044141 0.516667 0.074219 0.052778
1 0.332031 0.454167 0.010937 0.013889
1 0.319922 0.461806 0.021094 0.031944
1 0.292578 0.491667 0.042969 0.055556
1 0.640234 0.463194 0.050781 0.054167
1 0.391406 0.445833 0.010937 0.019444
1 0.367578 0.448611 0.010156 0.013889
1 0.380078 0.465972 0.021094 0.031944
1 0.359375 0.469444 0.025000 0.030556
1 0.441406 0.445139 0.012500 0.018056
1 0.454297 0.450694 0.013281 0.020833
1 0.465625 0.450694 0.009375 0.020833
1 0.473438 0.452083 0.009375 0.023611
1 0.484375 0.453472 0.012500 0.020833
1 0.499609 0.450694 0.016406 0.023611
1 0.503906 0.457639 0.012500 0.020833
1 0.513281 0.459028 0.012500 0.023611
1 0.526172 0.455556 0.016406 0.027778
1 0.540625 0.457639 0.012500 0.031944
1 0.561328 0.455556 0.025781 0.038889
1 0.570312 0.461806 0.020313 0.029167
1 0.592578 0.461806 0.036719 0.037500
7 0.403906 0.355556 0.014063 0.013889
7 0.095312 0.338194 0.029687 0.020833
7 0.159766 0.339583 0.030469 0.023611
1 0.205469 0.501389 0.139063 0.238889
