1 0.057813 0.688194 0.114062 0.209722
5 0.237891 0.620833 0.261719 0.355556
3 0.505859 0.616667 0.153906 0.330556
1 0.411328 0.654861 0.042969 0.084722
6 0.314063 0.341667 0.017188 0.052778
6 0.301563 0.345139 0.007812 0.051389
6 0.329688 0.347222 0.014063 0.047222
6 0.525000 0.410417 0.009375 0.043056
6 0.546875 0.409722 0.006250 0.041667
6 0.536328 0.409722 0.007031 0.044444
6 0.704297 0.568750 0.010156 0.018056
7 0.192578 0.347222 0.036719 0.055556
7 0.622656 0.450000 0.048438 0.016667
7 0.796875 0.374306 0.023438 0.045833
6 0.839453 0.530556 0.021094 0.033333
6 0.865234 0.529167 0.019531 0.033333
6 0.694922 0.567361 0.008594 0.020833
1 0.845313 0.666667 0.139063 0.083333
1 0.641406 0.656944 0.045312 0.061111
1 0.589844 0.631944 0.014063 0.086111
1 0.590234 0.604167 0.017969 0.072222
1 0.632422 0.627778 0.027344 0.036111
1 0.720703 0.611806 0.035156 0.018056
1 0.628125 0.605556 0.018750 0.011111
1 0.603516 0.605556 0.005469 0.013889
5 0.613672 0.600000 0.011719 0.019444
0 0.710938 0.647222 0.018750 0.069444
0 0.727344 0.647917 0.018750 0.068056
7 0.810937 0.435417 0.021875 0.065278
