1 0.855859 0.410417 0.200781 0.204167
1 0.668359 0.409028 0.096094 0.106944
1 0.322266 0.414583 0.067969 0.087500
1 0.296484 0.402083 0.033594 0.062500
1 0.278125 0.373611 0.028125 0.061111
1 0.261719 0.368750 0.014063 0.034722
1 0.241797 0.351389 0.011719 0.027778
1 0.251953 0.366667 0.008594 0.025000
1 0.123438 0.343056 0.078125 0.047222
1 0.191016 0.353472 0.021094 0.029167
7 0.026172 0.317361 0.032031 0.056944
7 0.028125 0.370833 0.012500 0.022222
6 0.176953 0.318750 0.016406 0.026389
6 0.213672 0.308333 0.011719 0.022222
7 0.501953 0.264583 0.036719 0.018056
7 0.489844 0.300694 0.015625 0.020833
7 0.495703 0.243056 0.011719 0.013889
6 0.515234 0.302778 0.019531 0.044444
7 0.348047 0.307639 0.010156 0.054167
6 0.017188 0.123611 0.034375 0.061111
6 0.007031 0.270139 0.014063 0.045833
6 0.793359 0.113194 0.053906 0.123611
7 0.752344 0.040278 0.050000 0.066667
7 0.703516 0.011111 0.041406 0.022222
