0 0.734766 0.501389 0.035156 0.202778
6 0.809766 0.287500 0.036719 0.069444
6 0.864453 0.293750 0.025781 0.065278
7 0.853516 0.137500 0.055469 0.075000
0 0.438672 0.524306 0.035156 0.081944
1 0.010547 0.465972 0.021094 0.068056
1 0.018359 0.442361 0.010156 0.023611
1 0.065625 0.445139 0.007812 0.023611
1 0.073828 0.450000 0.010156 0.025000
1 0.083594 0.452778 0.015625 0.036111
1 0.096484 0.455556 0.030469 0.052778
1 0.165625 0.479861 0.043750 0.073611
1 0.186328 0.486806 0.052344 0.090278
1 0.227734 0.496528 0.080469 0.126389
1 0.119531 0.468056 0.043750 0.047222
1 0.306250 0.522917 0.162500 0.170833
1 0.050391 0.442361 0.017969 0.026389
6 0.022656 0.377083 0.006250 0.015278
7 0.057813 0.415278 0.004687 0.011111
7 0.053125 0.415972 0.006250 0.015278
7 0.039844 0.409028 0.006250 0.012500
