1 0.457813 0.456250 0.009375 0.009722
1 0.458984 0.472222 0.007031 0.013889
1 0.453125 0.484722 0.010937 0.022222
1 0.446875 0.490278 0.009375 0.025000
1 0.439063 0.494444 0.014063 0.033333
1 0.424609 0.497917 0.025781 0.048611
1 0.394141 0.498611 0.046094 0.058333
1 0.322656 0.522917 0.106250 0.140278
1 0.489453 0.479167 0.010156 0.022222
1 0.499609 0.493750 0.011719 0.029167
1 0.510547 0.495833 0.016406 0.030556
1 0.533594 0.498611 0.034375 0.055556
1 0.556641 0.510417 0.050781 0.059722
1 0.631641 0.534028 0.105469 0.143056
1 0.473438 0.456944 0.010937 0.016667
1 0.139063 0.545139 0.278125 0.359722
1 0.839063 0.565972 0.320312 0.359722
6 0.492578 0.445139 0.005469 0.012500
