2 0.361328 0.545139 0.033594 0.106944
1 0.111719 0.531250 0.223438 0.451389
1 0.239453 0.545139 0.121094 0.170833
1 0.300781 0.524306 0.081250 0.120833
1 0.341406 0.506250 0.065625 0.109722
1 0.380859 0.500694 0.013281 0.056944
1 0.391406 0.491667 0.015625 0.058333
1 0.404297 0.496528 0.013281 0.037500
1 0.410938 0.484028 0.015625 0.034722
1 0.421484 0.483333 0.011719 0.033333
1 0.430469 0.482639 0.007812 0.023611
1 0.974609 0.839583 0.047656 0.209722
1 0.816797 0.613889 0.361719 0.413889
1 0.619922 0.550000 0.100781 0.127778
1 0.567969 0.529861 0.054688 0.093056
1 0.539453 0.516667 0.036719 0.072222
1 0.534375 0.504861 0.051562 0.068056
1 0.505078 0.502778 0.030469 0.047222
1 0.508594 0.470139 0.031250 0.020833
1 0.487109 0.495139 0.011719 0.031944
1 0.481641 0.488194 0.016406 0.037500
