6 0.546094 0.104167 0.018750 0.080556
6 0.323047 0.213889 0.011719 0.069444
6 0.012891 0.039583 0.024219 0.076389
6 0.039844 0.042361 0.020313 0.084722
6 0.881641 0.353472 0.017969 0.062500
6 0.906641 0.359028 0.033594 0.059722
7 0.325000 0.347222 0.040625 0.022222
7 0.330078 0.375694 0.010156 0.023611
1 0.636328 0.576389 0.130469 0.180556
1 0.529687 0.531944 0.046875 0.063889
1 0.507031 0.518750 0.017188 0.040278
1 0.493750 0.513889 0.014063 0.025000
1 0.040625 0.504861 0.060937 0.054167
1 0.216797 0.502778 0.039844 0.038889
1 0.246875 0.502083 0.020313 0.020833
1 0.178125 0.499306 0.035937 0.029167
1 0.303516 0.499306 0.019531 0.026389
3 0.344531 0.491667 0.039062 0.055556
1 0.287109 0.500000 0.013281 0.016667
