1 0.660156 0.482639 0.012500 0.029167
1 0.648438 0.482639 0.018750 0.029167
1 0.633984 0.488194 0.014844 0.023611
1 0.623047 0.486806 0.014844 0.026389
1 0.605469 0.484028 0.023438 0.031944
1 0.576562 0.484028 0.023438 0.031944
1 0.553516 0.484722 0.032031 0.041667
1 0.510938 0.478472 0.042188 0.062500
1 0.450391 0.477083 0.089844 0.123611
1 0.125781 0.506250 0.151562 0.084722
1 0.266016 0.536806 0.217969 0.223611
5 0.721484 0.474306 0.121094 0.143056
7 0.103906 0.408333 0.032813 0.063889
7 0.357422 0.421528 0.017969 0.031944
7 0.358594 0.449306 0.010937 0.029167
7 0.664844 0.445833 0.012500 0.016667
7 0.715234 0.387500 0.017969 0.047222
