1 0.527734 0.453472 0.010156 0.034722
1 0.533203 0.452778 0.013281 0.036111
1 0.542969 0.454167 0.018750 0.038889
1 0.562500 0.449306 0.037500 0.070833
1 0.603906 0.455556 0.060937 0.086111
1 0.634766 0.465972 0.052344 0.084722
1 0.695703 0.463194 0.103906 0.140278
1 0.850391 0.477083 0.222656 0.243056
1 0.294922 0.475694 0.025781 0.054167
1 0.265625 0.490278 0.037500 0.047222
1 0.218750 0.502083 0.064062 0.059722
1 0.362109 0.479167 0.025781 0.044444
1 0.329688 0.488194 0.064062 0.087500
1 0.430078 0.493056 0.125781 0.208333
0 0.957031 0.509028 0.078125 0.356944
6 0.476172 0.379167 0.007031 0.019444
7 0.513672 0.406250 0.011719 0.015278
0 0.753516 0.411806 0.013281 0.056944
0 0.768359 0.407639 0.016406 0.065278
0 0.189844 0.468750 0.014063 0.040278
0 0.207031 0.458333 0.015625 0.033333
1 0.508594 0.444444 0.023438 0.041667
