6 0.497266 0.237500 0.008594 0.016667
6 0.433594 0.246528 0.009375 0.018056
6 0.462500 0.281250 0.006250 0.015278
6 0.474609 0.277083 0.007031 0.015278
1 0.448828 0.296528 0.013281 0.026389
1 0.482812 0.297917 0.009375 0.020833
1 0.441797 0.302778 0.014844 0.033333
1 0.432422 0.300000 0.019531 0.038889
1 0.421484 0.308333 0.022656 0.050000
1 0.409766 0.316667 0.028906 0.072222
1 0.381250 0.331250 0.040625 0.084722
1 0.362109 0.344444 0.047656 0.097222
1 0.321484 0.356250 0.096094 0.120833
1 0.492578 0.295139 0.010156 0.045833
1 0.501953 0.297917 0.019531 0.051389
1 0.513281 0.309722 0.021875 0.047222
1 0.533203 0.315278 0.030469 0.063889
1 0.269922 0.395833 0.166406 0.166667
1 0.580469 0.322222 0.076563 0.113889
1 0.837500 0.358333 0.321875 0.650000
1 0.468359 0.304167 0.019531 0.027778
