7 0.435547 0.382639 0.011719 0.026389
7 0.386719 0.388889 0.009375 0.022222
7 0.371484 0.358333 0.010156 0.061111
7 0.365625 0.383333 0.012500 0.030556
1 0.363672 0.438194 0.028906 0.043056
1 0.455859 0.439583 0.017969 0.026389
1 0.441016 0.438194 0.019531 0.045833
1 0.501563 0.431944 0.017188 0.025000
1 0.591016 0.440278 0.014844 0.027778
1 0.575781 0.446528 0.023438 0.020833
1 0.692578 0.446528 0.038281 0.040278
1 0.275000 0.435417 0.042188 0.056944
1 0.207422 0.442361 0.033594 0.051389
1 0.135547 0.448611 0.128906 0.133333
3 0.848828 0.440278 0.110156 0.102778
1 0.324219 0.445139 0.053125 0.070833
1 0.407813 0.458333 0.070312 0.138889
1 0.253516 0.466667 0.083594 0.088889
1 0.635547 0.476389 0.097656 0.105556
1 0.070312 0.533333 0.140625 0.236111
