1 0.916016 0.747917 0.164844 0.370833
1 0.430859 0.511806 0.041406 0.093056
1 0.274219 0.443056 0.017188 0.022222
1 0.167578 0.433333 0.042969 0.030556
1 0.135156 0.437500 0.021875 0.022222
1 0.108594 0.428472 0.032813 0.026389
1 0.082422 0.428472 0.013281 0.018056
1 0.035156 0.425694 0.068750 0.045833
1 0.475000 0.461806 0.017188 0.015278
1 0.461328 0.461111 0.013281 0.016667
1 0.448047 0.457639 0.014844 0.015278
1 0.432812 0.457639 0.012500 0.015278
1 0.417969 0.456250 0.014063 0.012500
1 0.592578 0.469444 0.016406 0.019444
1 0.566016 0.468750 0.022656 0.018056
1 0.099609 0.473611 0.078906 0.077778
1 0.178125 0.488889 0.089063 0.088889
1 0.329688 0.591667 0.214062 0.325000
7 0.438672 0.423611 0.010156 0.016667
7 0.628125 0.470833 0.007812 0.019444
7 0.195312 0.261111 0.026562 0.041667
7 0.071484 0.172222 0.050781 0.030556
7 0.529297 0.450694 0.024219 0.037500
7 0.549609 0.449306 0.010156 0.020833
7 0.451562 0.443750 0.009375 0.023611
7 0.326953 0.373611 0.021094 0.013889
7 0.351562 0.408333 0.006250 0.016667
7 0.097656 0.241667 0.060937 0.108333
7 0.826562 0.443056 0.014063 0.019444
7 0.827734 0.471528 0.016406 0.020833
7 0.827734 0.491667 0.019531 0.016667
7 0.578906 0.448611 0.009375 0.022222
7 0.295312 0.396528 0.007812 0.012500
6 0.328516 0.312500 0.014844 0.036111
6 0.509766 0.258333 0.013281 0.041667
6 0.429688 0.406250 0.007812 0.018056
6 0.475391 0.412500 0.007031 0.019444
6 0.137891 0.227778 0.014844 0.033333
6 0.373828 0.398611 0.005469 0.016667
6 0.294141 0.376389 0.010156 0.022222
6 0.253906 0.370139 0.006250 0.020833
1 0.676172 0.488194 0.042969 0.034722
1 0.621875 0.476389 0.054688 0.033333
1 0.810156 0.493056 0.084375 0.083333
