7 0.500000 0.597917 0.010937 0.012500
7 0.325000 0.617361 0.007812 0.009722
1 0.408984 0.663194 0.005469 0.012500
1 0.412109 0.665278 0.005469 0.016667
1 0.416016 0.666667 0.007031 0.022222
1 0.425391 0.668750 0.013281 0.029167
1 0.429688 0.672917 0.010937 0.026389
1 0.435547 0.674306 0.017969 0.031944
1 0.444531 0.678472 0.017188 0.043056
1 0.465234 0.681944 0.039844 0.063889
1 0.496484 0.696528 0.058594 0.079167
1 0.390625 0.664583 0.004687 0.015278
1 0.385547 0.668056 0.007031 0.016667
1 0.378516 0.668056 0.011719 0.025000
1 0.373828 0.672917 0.008594 0.026389
1 0.367578 0.674306 0.010156 0.031944
1 0.362109 0.675694 0.011719 0.034722
1 0.353125 0.679861 0.012500 0.040278
1 0.345703 0.681250 0.014844 0.040278
1 0.330859 0.684722 0.027344 0.052778
1 0.305859 0.688194 0.050781 0.081944
1 0.257031 0.700694 0.078125 0.120833
1 0.201172 0.727778 0.142969 0.155556
1 0.574219 0.720139 0.131250 0.143056
