7 0.654687 0.508333 0.021875 0.016667
7 0.576172 0.439583 0.061719 0.031944
6 0.494141 0.405556 0.011719 0.058333
6 0.476953 0.401389 0.014844 0.050000
7 0.645703 0.583333 0.032031 0.025000
0 0.942969 0.722222 0.023438 0.122222
0 0.794531 0.706944 0.025000 0.111111
0 0.752734 0.706944 0.041406 0.122222
0 0.730469 0.707639 0.026562 0.112500
0 0.615234 0.658333 0.013281 0.066667
0 0.597656 0.658333 0.014063 0.061111
0 0.584766 0.658333 0.008594 0.050000
0 0.559766 0.658333 0.011719 0.047222
0 0.550000 0.655556 0.012500 0.061111
0 0.536719 0.654861 0.007812 0.037500
0 0.529687 0.658333 0.006250 0.044444
0 0.118750 0.615278 0.020313 0.061111
0 0.085156 0.618056 0.015625 0.066667
0 0.094531 0.613889 0.009375 0.058333
2 0.008594 0.642361 0.017188 0.068056
1 0.157422 0.629167 0.057031 0.077778
1 0.260156 0.636111 0.032813 0.061111
1 0.398047 0.631250 0.025781 0.034722
1 0.421875 0.618750 0.014063 0.012500
3 0.460156 0.620833 0.031250 0.080556
1 0.476562 0.647917 0.034375 0.051389
1 0.426172 0.656250 0.044531 0.065278
1 0.333594 0.652083 0.156250 0.118056
1 0.205859 0.636806 0.086719 0.098611
7 0.212109 0.528472 0.014844 0.031944
6 0.408984 0.558333 0.005469 0.022222
0 0.050781 0.593056 0.010937 0.063889
