7 0.287891 0.436806 0.017969 0.054167
7 0.677344 0.415278 0.015625 0.022222
1 0.390234 0.487500 0.080469 0.122222
1 0.454297 0.490278 0.036719 0.022222
1 0.680078 0.479861 0.028906 0.084722
1 0.691797 0.479861 0.036719 0.098611
1 0.723047 0.488194 0.052344 0.118056
1 0.755078 0.493056 0.088281 0.138889
1 0.839063 0.513194 0.179688 0.193056
1 0.887109 0.569444 0.222656 0.347222
1 0.604297 0.485417 0.011719 0.026389
1 0.616406 0.488194 0.025000 0.037500
1 0.538672 0.506944 0.113281 0.147222
1 0.320312 0.508333 0.114062 0.133333
0 0.585156 0.470139 0.010937 0.031944
