1 0.464453 0.560417 0.017969 0.018056
1 0.407813 0.568750 0.021875 0.029167
1 0.434375 0.569444 0.031250 0.044444
1 0.203516 0.602778 0.107031 0.083333
6 0.501563 0.402778 0.009375 0.022222
6 0.485156 0.446528 0.007812 0.018056
6 0.489844 0.496528 0.004687 0.015278
6 0.452734 0.517361 0.008594 0.015278
6 0.496094 0.504167 0.009375 0.016667
6 0.520312 0.548611 0.007812 0.013889
7 0.483594 0.476389 0.012500 0.019444
7 0.505859 0.475000 0.010156 0.016667
7 0.400781 0.477778 0.009375 0.016667
7 0.424609 0.476389 0.011719 0.013889
7 0.591797 0.480556 0.019531 0.025000
