0 0.796094 0.554167 0.018750 0.094444
0 0.590234 0.489583 0.003906 0.026389
0 0.623437 0.495139 0.009375 0.031944
0 0.632031 0.491667 0.007812 0.027778
0 0.665234 0.495833 0.010156 0.027778
7 0.633203 0.279861 0.088281 0.026389
7 0.694141 0.402083 0.008594 0.054167
6 0.717578 0.440972 0.014844 0.023611
6 0.546875 0.238194 0.010937 0.062500
6 0.559375 0.241667 0.012500 0.055556
6 0.532422 0.242361 0.017969 0.059722
6 0.039453 0.350694 0.011719 0.048611
6 0.385156 0.443750 0.003125 0.015278
6 0.460156 0.445139 0.004687 0.015278
7 0.367969 0.443056 0.021875 0.008333
7 0.042188 0.394444 0.029687 0.016667
7 0.028125 0.420139 0.025000 0.015278
7 0.052344 0.429861 0.007812 0.012500
6 0.031641 0.516667 0.014844 0.022222
0 0.207813 0.531250 0.012500 0.043056
0 0.224609 0.527083 0.008594 0.029167
0 0.259375 0.513889 0.006250 0.030556
0 0.269922 0.518750 0.007031 0.023611
0 0.278125 0.511806 0.006250 0.020833
1 0.289453 0.531250 0.030469 0.020833
0 0.235156 0.588194 0.015625 0.104167
1 0.182422 0.595139 0.082031 0.087500
0 0.469141 0.493056 0.021094 0.033333
0 0.454688 0.551389 0.040625 0.080556
1 0.404297 0.554861 0.113281 0.104167
3 0.337109 0.491667 0.069531 0.063889
3 0.366797 0.494444 0.055469 0.061111
3 0.435547 0.481944 0.050781 0.072222
1 0.489063 0.517361 0.042188 0.062500
1 0.507422 0.533333 0.039844 0.061111
1 0.502344 0.557639 0.028125 0.065278
1 0.531250 0.492361 0.034375 0.018056
1 0.558984 0.505556 0.035156 0.025000
1 0.589844 0.526389 0.031250 0.041667
1 0.613672 0.531250 0.061719 0.043056
1 0.319141 0.588194 0.210156 0.115278
1 0.541016 0.556944 0.085156 0.097222
1 0.657813 0.565972 0.192188 0.106944
1 0.916797 0.556250 0.163281 0.134722
7 0.578516 0.438889 0.008594 0.013889
