6 0.263281 0.511111 0.014063 0.022222
6 0.244141 0.500000 0.013281 0.019444
6 0.393359 0.509028 0.011719 0.018056
6 0.487500 0.483333 0.014063 0.019444
6 0.159375 0.546528 0.014063 0.015278
6 0.087891 0.551389 0.011719 0.019444
6 0.071875 0.550694 0.012500 0.018056
1 0.028516 0.627083 0.057031 0.098611
1 0.897266 0.704861 0.203906 0.395833
1 0.683203 0.748611 0.497656 0.483333
1 0.480469 0.619444 0.028125 0.027778
1 0.411328 0.602083 0.063281 0.106944
7 0.235156 0.545833 0.010937 0.016667
7 0.359766 0.552083 0.011719 0.020833
7 0.580469 0.470833 0.015625 0.027778
7 0.587500 0.502778 0.015625 0.019444
7 0.571875 0.501389 0.015625 0.022222
7 0.217188 0.511806 0.012500 0.012500
7 0.218359 0.554861 0.008594 0.029167
1 0.185547 0.586111 0.060156 0.041667
7 0.817578 0.224306 0.060156 0.051389
