7 0.742578 0.131250 0.075781 0.195833
7 0.886328 0.022222 0.071094 0.044444
7 0.891406 0.143056 0.123438 0.202778
7 0.418750 0.107639 0.298438 0.215278
7 0.344922 0.443750 0.019531 0.015278
7 0.335156 0.478472 0.040625 0.059722
7 0.433203 0.500000 0.036719 0.030556
7 0.478125 0.502778 0.040625 0.030556
7 0.557031 0.550694 0.031250 0.045833
7 0.326172 0.547222 0.022656 0.038889
1 0.178516 0.646528 0.035156 0.054167
1 0.313281 0.646528 0.026562 0.040278
5 0.340234 0.631250 0.028906 0.070833
1 0.076563 0.605556 0.153125 0.219444
5 0.235547 0.594444 0.096094 0.105556
1 0.241406 0.682639 0.134375 0.118056
1 0.594141 0.664583 0.042969 0.068056
1 0.694922 0.660417 0.019531 0.068056
1 0.723437 0.673611 0.037500 0.063889
1 0.650391 0.664583 0.069531 0.093056
1 0.820703 0.686111 0.194531 0.200000
1 0.953125 0.695833 0.093750 0.155556
1 0.455859 0.696528 0.233594 0.362500
