6 0.349219 0.468750 0.010937 0.026389
6 0.513281 0.440972 0.010937 0.034722
6 0.575000 0.486111 0.009375 0.022222
6 0.470313 0.513889 0.009375 0.019444
6 0.424219 0.510417 0.007812 0.020833
6 0.586719 0.527778 0.007812 0.022222
6 0.292187 0.533333 0.010937 0.019444
7 0.213281 0.473611 0.023438 0.016667
6 0.218750 0.516667 0.015625 0.013889
7 0.325391 0.468056 0.036719 0.013889
7 0.554688 0.436111 0.050000 0.019444
7 0.584766 0.495833 0.017969 0.016667
7 0.502344 0.516667 0.007812 0.019444
1 0.429688 0.572222 0.021875 0.044444
1 0.407813 0.575000 0.025000 0.038889
1 0.381250 0.576389 0.028125 0.036111
1 0.361328 0.583333 0.016406 0.030556
1 0.319141 0.592361 0.071094 0.065278
1 0.251953 0.593056 0.038281 0.055556
1 0.221875 0.601389 0.043750 0.072222
1 0.103516 0.633333 0.207031 0.233333
1 0.460938 0.584722 0.043750 0.061111
1 0.485156 0.561806 0.012500 0.023611
1 0.498047 0.563194 0.013281 0.031944
1 0.509766 0.563889 0.011719 0.033333
1 0.526563 0.568056 0.021875 0.036111
1 0.566016 0.576389 0.036719 0.077778
1 0.592578 0.595833 0.049219 0.077778
1 0.639453 0.611806 0.064844 0.109722
1 0.702734 0.634722 0.092969 0.141667
1 0.837109 0.661111 0.210156 0.261111
1 0.946094 0.675694 0.104688 0.281944
