1 0.562500 0.524306 0.067187 0.095833
1 0.511328 0.515278 0.038281 0.055556
1 0.266406 0.550694 0.075000 0.090278
1 0.455859 0.518056 0.027344 0.038889
1 0.412500 0.520139 0.018750 0.026389
1 0.316016 0.538889 0.039844 0.066667
1 0.338281 0.533333 0.039062 0.050000
1 0.432812 0.521528 0.018750 0.015278
1 0.480469 0.517361 0.014063 0.018056
0 0.707422 0.505556 0.024219 0.113889
0 0.741016 0.514583 0.016406 0.076389
0 0.770703 0.512500 0.016406 0.080556
7 0.653516 0.329167 0.036719 0.025000
6 0.413281 0.456944 0.003125 0.016667
6 0.476562 0.452083 0.003125 0.015278
6 0.480469 0.450000 0.004687 0.016667
6 0.417578 0.456250 0.003906 0.015278
6 0.473047 0.452083 0.005469 0.015278
7 0.933984 0.308333 0.036719 0.025000
