1 0.368359 0.515278 0.061719 0.091667
1 0.646875 0.485417 0.064062 0.084722
1 0.519922 0.466667 0.030469 0.038889
1 0.578516 0.469444 0.039844 0.050000
1 0.403516 0.504167 0.022656 0.066667
1 0.412500 0.495833 0.021875 0.052778
1 0.431250 0.486111 0.029687 0.041667
1 0.443359 0.477778 0.024219 0.038889
1 0.457422 0.473611 0.013281 0.036111
1 0.467969 0.471528 0.010937 0.023611
1 0.478125 0.471528 0.009375 0.026389
1 0.609766 0.478472 0.024219 0.070833
5 0.559766 0.453472 0.028906 0.062500
1 0.485547 0.468750 0.008594 0.026389
1 0.499219 0.466667 0.007812 0.025000
1 0.536328 0.460417 0.010156 0.029167
6 0.600781 0.215972 0.009375 0.040278
6 0.773047 0.384028 0.025781 0.031944
7 0.767969 0.318750 0.031250 0.023611
7 0.755078 0.350694 0.030469 0.018056
1 0.935937 0.515278 0.126562 0.291667
6 0.080859 0.122917 0.036719 0.104167
0 0.123828 0.494444 0.024219 0.108333
6 0.531250 0.398611 0.007812 0.022222
