6 0.365625 0.364583 0.009375 0.031944
6 0.461719 0.382639 0.004687 0.023611
6 0.417969 0.436806 0.004687 0.018056
6 0.466406 0.438889 0.006250 0.013889
6 0.437891 0.464583 0.003906 0.015278
6 0.494141 0.470139 0.005469 0.015278
6 0.306250 0.465972 0.010937 0.012500
6 0.357031 0.365972 0.009375 0.031944
6 0.458203 0.382639 0.005469 0.026389
7 0.245703 0.407639 0.024219 0.015278
6 0.232031 0.458333 0.017188 0.019444
6 0.600391 0.432639 0.019531 0.020833
7 0.192969 0.434722 0.015625 0.061111
7 0.236328 0.393056 0.016406 0.011111
7 0.543359 0.418056 0.014844 0.008333
1 0.282813 0.531944 0.050000 0.086111
1 0.242969 0.537500 0.079687 0.111111
1 0.369141 0.490972 0.025781 0.009722
1 0.347266 0.518056 0.019531 0.041667
1 0.442188 0.490972 0.004687 0.018056
1 0.432812 0.487500 0.007812 0.011111
1 0.427344 0.492361 0.007812 0.015278
1 0.418750 0.494444 0.009375 0.022222
1 0.471484 0.488889 0.008594 0.022222
1 0.478906 0.491667 0.009375 0.027778
1 0.483594 0.495139 0.009375 0.029167
1 0.573828 0.506944 0.083594 0.130556
1 0.132031 0.517361 0.193750 0.223611
1 0.041016 0.604167 0.082031 0.163889
1 0.939453 0.663194 0.121094 0.365278
1 0.375000 0.524306 0.054688 0.079167
1 0.495703 0.495139 0.027344 0.043056
1 0.623828 0.523611 0.127344 0.147222
3 0.456641 0.481250 0.024219 0.056944
3 0.397656 0.486111 0.034375 0.050000
