6 0.369531 0.399306 0.006250 0.012500
6 0.418750 0.395139 0.007812 0.015278
6 0.474609 0.384722 0.008594 0.016667
6 0.509375 0.383333 0.007812 0.013889
6 0.527344 0.388194 0.007812 0.012500
1 0.539844 0.404861 0.010937 0.018056
1 0.520703 0.410417 0.011719 0.020833
1 0.503906 0.419444 0.017188 0.022222
1 0.491406 0.424306 0.009375 0.012500
1 0.480469 0.423611 0.014063 0.016667
1 0.459375 0.434028 0.023438 0.026389
1 0.537891 0.431944 0.013281 0.022222
1 0.420312 0.462500 0.057813 0.077778
1 0.346875 0.512500 0.112500 0.188889
1 0.245312 0.485417 0.062500 0.081944
1 0.184766 0.509722 0.097656 0.108333
1 0.464844 0.579861 0.179688 0.270833
