7 0.427344 0.450694 0.025000 0.009722
7 0.413281 0.393056 0.020313 0.055556
7 0.423047 0.438889 0.022656 0.013889
1 0.192969 0.579167 0.007812 0.011111
1 0.200781 0.577778 0.007812 0.013889
1 0.207422 0.580556 0.010156 0.022222
1 0.216797 0.577083 0.013281 0.029167
1 0.225391 0.579861 0.011719 0.031944
1 0.257422 0.579861 0.022656 0.037500
1 0.242188 0.574306 0.023438 0.043056
1 0.448437 0.571528 0.043750 0.043056
1 0.399609 0.595139 0.088281 0.090278
1 0.493359 0.614583 0.100781 0.129167
1 0.164844 0.577083 0.012500 0.015278
1 0.127344 0.581944 0.029687 0.036111
1 0.284766 0.576389 0.039844 0.055556
1 0.600000 0.640972 0.221875 0.176389
1 0.871094 0.706250 0.253125 0.298611
0 0.825391 0.583333 0.036719 0.094444
7 0.412500 0.482639 0.023438 0.026389
