1 0.639844 0.562500 0.021875 0.100000
1 0.374219 0.532639 0.039062 0.084722
1 0.339062 0.554861 0.082812 0.093056
5 0.684766 0.473611 0.133594 0.147222
1 0.752734 0.594444 0.230469 0.261111
1 0.523047 0.595139 0.246094 0.454167
6 0.403906 0.440972 0.006250 0.029167
6 0.342187 0.465972 0.004687 0.020833
0 0.301563 0.522222 0.012500 0.027778
0 0.271484 0.535417 0.007031 0.048611
2 0.233984 0.576389 0.017969 0.058333
0 0.176953 0.547917 0.028906 0.106944
0 0.125000 0.543750 0.026562 0.104167
0 0.149219 0.550000 0.014063 0.072222
0 0.100000 0.540972 0.012500 0.084722
0 0.085547 0.545139 0.024219 0.098611
0 0.058984 0.542361 0.024219 0.087500
0 0.016016 0.545139 0.025781 0.090278
0 0.006250 0.541667 0.012500 0.083333
0 0.041016 0.540972 0.019531 0.084722
0 0.991797 0.577778 0.014844 0.155556
0 0.951172 0.563889 0.036719 0.138889
0 0.931250 0.553472 0.017188 0.106944
