7 0.742969 0.287500 0.028125 0.075000
7 0.730469 0.230556 0.039062 0.030556
7 0.730078 0.174306 0.039844 0.073611
7 0.520703 0.406944 0.021094 0.019444
7 0.520703 0.379167 0.013281 0.022222
7 0.469141 0.430556 0.011719 0.025000
7 0.489844 0.420833 0.015625 0.008333
7 0.251953 0.444444 0.011719 0.016667
7 0.194922 0.442361 0.016406 0.006944
7 0.185938 0.422222 0.014063 0.013889
7 0.103906 0.431944 0.025000 0.013889
7 0.103125 0.397917 0.015625 0.026389
6 0.235156 0.363889 0.015625 0.041667
6 0.397656 0.378472 0.007812 0.023611
6 0.356250 0.425000 0.007812 0.013889
6 0.246484 0.365278 0.008594 0.038889
6 0.146875 0.356250 0.017188 0.031944
6 0.186328 0.458333 0.017969 0.025000
6 0.497266 0.438194 0.013281 0.020833
1 0.394531 0.458333 0.015625 0.016667
1 0.366406 0.464583 0.018750 0.031944
1 0.434766 0.463889 0.022656 0.030556
1 0.456641 0.485417 0.033594 0.043056
1 0.020313 0.565972 0.040625 0.170833
1 0.409375 0.454167 0.007812 0.011111
1 0.379297 0.438889 0.003906 0.019444
1 0.388672 0.440278 0.007031 0.019444
1 0.408984 0.438889 0.003906 0.016667
1 0.413672 0.438889 0.005469 0.016667
