0 0.066016 0.509028 0.058594 0.301389
0 0.020313 0.518056 0.039062 0.266667
0 0.383203 0.467361 0.022656 0.129167
0 0.363281 0.459722 0.023438 0.088889
0 0.330859 0.463194 0.016406 0.068056
0 0.435547 0.488889 0.032031 0.133333
0 0.892969 0.475694 0.023438 0.087500
0 0.871094 0.472222 0.012500 0.058333
0 0.857422 0.479861 0.014844 0.062500
6 0.647656 0.245833 0.009375 0.019444
6 0.730078 0.281944 0.008594 0.011111
6 0.916797 0.379167 0.013281 0.013889
6 0.933203 0.284722 0.010156 0.013889
7 0.470313 0.290278 0.023438 0.016667
7 0.482422 0.329861 0.024219 0.018056
0 0.506641 0.487500 0.016406 0.069444
0 0.548438 0.479167 0.012500 0.069444
0 0.529297 0.472222 0.011719 0.069444
0 0.576562 0.465972 0.010937 0.070833
0 0.492969 0.467361 0.012500 0.065278
0 0.560156 0.470139 0.010937 0.059722
0 0.585547 0.476389 0.016406 0.091667
0 0.519922 0.472222 0.010156 0.052778
1 0.343359 0.453472 0.025781 0.062500
1 0.318359 0.454861 0.027344 0.062500
1 0.659375 0.476389 0.073438 0.116667
1 0.768359 0.647917 0.336719 0.445833
7 0.360156 0.230556 0.021875 0.030556
7 0.933984 0.227083 0.030469 0.037500
7 0.932031 0.259028 0.031250 0.034722
