1 0.356641 0.502083 0.014844 0.020833
1 0.330469 0.501389 0.010937 0.016667
1 0.321484 0.513194 0.016406 0.031944
1 0.303516 0.531250 0.041406 0.045833
1 0.273438 0.536111 0.031250 0.055556
1 0.257031 0.545833 0.031250 0.061111
1 0.394922 0.503472 0.017969 0.026389
1 0.407813 0.502778 0.009375 0.019444
1 0.417578 0.504861 0.014844 0.023611
1 0.430859 0.504167 0.014844 0.025000
1 0.211328 0.554861 0.085156 0.084722
1 0.493750 0.516667 0.039062 0.052778
1 0.711328 0.486111 0.103906 0.075000
1 0.804688 0.476389 0.068750 0.072222
1 0.915234 0.487500 0.166406 0.158333
