5 0.447656 0.448611 0.137500 0.311111
5 0.362109 0.490278 0.028906 0.055556
1 0.378125 0.492361 0.012500 0.031944
1 0.307422 0.517361 0.044531 0.051389
1 0.255859 0.513889 0.027344 0.036111
0 0.192578 0.518056 0.013281 0.063889
0 0.033203 0.552778 0.019531 0.088889
0 0.024609 0.554167 0.014844 0.077778
0 0.010156 0.545833 0.020313 0.100000
0 0.518359 0.496528 0.011719 0.040278
3 0.553125 0.488194 0.018750 0.054167
0 0.552734 0.500000 0.010156 0.038889
2 0.553125 0.516667 0.010937 0.033333
6 0.364063 0.431250 0.006250 0.020833
6 0.371094 0.432639 0.004687 0.023611
7 0.316016 0.442361 0.011719 0.012500
