6 0.184766 0.201389 0.016406 0.030556
6 0.698438 0.311806 0.015625 0.031944
6 0.570703 0.434028 0.010156 0.018056
6 0.483594 0.436111 0.014063 0.019444
6 0.487109 0.453472 0.007031 0.020833
6 0.215625 0.189583 0.017188 0.045833
6 0.741797 0.408333 0.010156 0.013889
7 0.420312 0.414583 0.010937 0.020833
6 0.875391 0.445139 0.013281 0.023611
6 0.588672 0.449306 0.007031 0.023611
0 0.880078 0.569444 0.011719 0.088889
0 0.749609 0.521528 0.007031 0.048611
0 0.979688 0.547917 0.014063 0.081944
0 0.933984 0.554861 0.011719 0.079167
0 0.919531 0.549306 0.017188 0.087500
0 0.890625 0.556250 0.014063 0.076389
0 0.741797 0.520833 0.008594 0.055556
6 0.731250 0.518056 0.007812 0.058333
0 0.723047 0.513194 0.008594 0.054167
0 0.715234 0.513194 0.007031 0.054167
0 0.710156 0.516667 0.003125 0.047222
0 0.249219 0.475694 0.007812 0.068056
0 0.240234 0.455556 0.010156 0.025000
1 0.557813 0.478472 0.015625 0.023611
7 0.562500 0.490278 0.015625 0.025000
1 0.490625 0.484028 0.014063 0.020833
1 0.477344 0.479167 0.007812 0.025000
1 0.454297 0.499306 0.044531 0.068056
1 0.431641 0.486806 0.013281 0.026389
1 0.410938 0.498611 0.023438 0.033333
1 0.374219 0.498611 0.045312 0.058333
1 0.583594 0.489583 0.026562 0.054167
1 0.319531 0.500694 0.067187 0.087500
1 0.614062 0.524306 0.057813 0.068056
1 0.807422 0.540278 0.091406 0.108333
3 0.668359 0.496528 0.077344 0.101389
1 0.528125 0.512500 0.067187 0.108333
6 0.118750 0.379861 0.015625 0.031944
7 0.871484 0.315278 0.030469 0.041667
7 0.870313 0.348611 0.025000 0.022222
7 0.067187 0.285417 0.043750 0.020833
7 0.110547 0.299306 0.021094 0.023611
7 0.110937 0.325694 0.020313 0.018056
7 0.101562 0.232639 0.014063 0.048611
6 0.888672 0.444444 0.011719 0.025000
