0 0.061719 0.623611 0.040625 0.283333
0 0.043750 0.622917 0.028125 0.237500
1 0.562500 0.511806 0.012500 0.034722
1 0.578516 0.515972 0.035156 0.056944
1 0.586719 0.521528 0.023438 0.054167
1 0.605469 0.540278 0.042188 0.100000
1 0.648047 0.545833 0.078906 0.158333
1 0.542578 0.520139 0.036719 0.065278
1 0.518750 0.528472 0.023438 0.056944
1 0.500000 0.536806 0.042188 0.084722
1 0.470703 0.554861 0.063281 0.112500
1 0.441016 0.565972 0.085156 0.126389
1 0.359375 0.614583 0.164062 0.195833
1 0.815625 0.641667 0.364063 0.569444
7 0.426172 0.461111 0.011719 0.025000
