1 0.464062 0.509722 0.010937 0.011111
1 0.474219 0.509722 0.017188 0.016667
1 0.492578 0.513889 0.016406 0.025000
1 0.504297 0.514583 0.016406 0.034722
1 0.518359 0.514583 0.033594 0.043056
1 0.539453 0.513889 0.028906 0.058333
1 0.578516 0.514583 0.091406 0.084722
1 0.597266 0.531944 0.067969 0.102778
1 0.637500 0.531250 0.100000 0.115278
1 0.695312 0.547222 0.153125 0.161111
1 0.756641 0.560417 0.119531 0.201389
1 0.450391 0.509722 0.013281 0.011111
1 0.441797 0.512500 0.016406 0.016667
1 0.424609 0.513194 0.019531 0.018056
1 0.419141 0.518056 0.016406 0.022222
1 0.406641 0.518750 0.024219 0.034722
1 0.389062 0.527083 0.045312 0.037500
1 0.358203 0.532639 0.042969 0.054167
1 0.334766 0.530556 0.058594 0.072222
1 0.237500 0.541667 0.198437 0.108333
1 0.892578 0.558333 0.210156 0.327778
1 0.010547 0.607639 0.021094 0.156944
7 0.127734 0.331250 0.033594 0.023611
7 0.132422 0.356944 0.027344 0.027778
