1 0.057813 0.389583 0.043750 0.037500
1 0.116406 0.388889 0.035937 0.041667
1 0.150781 0.389583 0.023438 0.037500
1 0.178906 0.390972 0.032813 0.034722
1 0.210156 0.388194 0.029687 0.029167
1 0.247656 0.379861 0.039062 0.040278
1 0.284375 0.390278 0.034375 0.038889
1 0.313281 0.390278 0.023438 0.038889
1 0.437500 0.406944 0.031250 0.055556
1 0.600391 0.410417 0.067969 0.068056
1 0.476172 0.436806 0.078906 0.095833
1 0.018750 0.383333 0.037500 0.058333
7 0.232813 0.328472 0.026562 0.031944
7 0.285547 0.350000 0.028906 0.036111
7 0.667969 0.260417 0.060937 0.081944
6 0.666016 0.091667 0.024219 0.125000
6 0.409766 0.055556 0.021094 0.111111
6 0.380078 0.251389 0.017969 0.069444
6 0.563281 0.245139 0.020313 0.065278
6 0.758203 0.229167 0.017969 0.050000
6 0.725391 0.375694 0.011719 0.031944
1 0.570703 0.463889 0.152344 0.194444
1 0.370703 0.461806 0.141406 0.215278
